100 79
101 87
103 96
105 104
108 112
113 118
119 124
127 128
136 128
146 125
154 120
161 114
166 106
168 97
168 88
168 80
167 71
103 68
106 63
111 61
117 61
122 63
133 62
138 59
144 57
151 58
156 61
128 69
128 75
129 80
129 86
124 93
127 94
130 94
134 92
137 91
110 74
113 72
117 71
121 73
117 74
113 75
139 71
142 68
146 68
150 69
147 70
143 71
119 106
123 103
128 101
132 101
137 100
143 100
149 101
144 107
139 110
134 111
130 111
124 110
121 106
129 105
133 104
137 103
147 102
138 105
133 106
129 106
