463 231
462 273
465 316
470 360
483 402
504 444
531 481
566 510
607 518
647 506
678 473
703 433
722 392
734 350
740 309
743 267
743 227
487 208
504 186
533 182
562 191
587 205
630 201
655 186
682 178
708 181
724 202
609 230
610 253
611 276
612 301
577 313
593 321
610 327
627 320
642 313
517 237
533 226
552 228
569 240
551 244
532 243
644 238
662 224
680 223
695 233
682 240
663 241
540 375
560 353
589 348
610 351
631 347
657 352
671 373
657 425
632 451
609 455
586 451
557 428
547 377
589 362
610 363
631 361
664 375
631 427
609 432
587 428
