441 375
440 400
441 426
443 452
449 478
461 500
477 521
495 539
519 545
545 543
569 530
591 512
608 489
617 465
622 439
624 412
625 386
454 365
463 349
481 343
500 345
517 353
541 355
559 350
579 351
597 361
606 379
527 371
526 387
524 404
523 421
503 432
513 437
524 441
535 438
547 434
475 372
486 367
498 368
508 377
496 378
484 376
552 381
564 375
575 375
585 383
575 385
563 384
484 461
498 458
512 457
524 460
536 458
550 461
565 469
550 483
535 490
522 489
509 487
496 478
490 463
511 463
523 465
535 465
559 468
535 477
523 478
510 475
